0 418 500 3 606
3 1 0 773
1 171 124 2
1 171 161 2
1 171 87 1
1 224 124 2
1 224 161 2
1 224 87 1
1 277 124 2
1 277 161 2
1 277 87 1
1 330 124 2
1 330 161 2
1 330 87 1
1 383 87 1
1 436 124 2
1 436 87 1
1 489 124 2
1 489 161 2
1 489 87 1
1 542 124 2
1 542 161 2
1 542 87 1
1 595 124 2
1 595 161 2
1 595 87 1
1 648 124 2
1 648 161 2
1 648 87 1
1 701 124 2
1 701 161 2
1 701 87 1
2 171 50 0 6927
2 224 50 0 5771
2 277 50 0 773
2 330 50 0 2594
2 383 50 0 3199
2 436 50 0 432
2 489 50 0 784
2 542 50 0 6921
2 595 50 0 6852
2 648 50 0 1784
2 701 50 0 538
4 444 400 4
4 88 400 4
5 800 10 0 7017
6 281 482 97
6 652 386 97
6 503 198 97
6 301 196 97
6 725 152 97
6 460 132 97
7 30
